Treasury Website Data vs Our Database

Column Order: 1M  2M  3M  6M  1Y  2Y  3Y  5Y  7Y  10Y  20Y  30Y

Treasury Website:
07/30: 4.41  4.48  4.45  4.41  4.39  4.31  4.12  3.94  3.89  3.96  4.15  4.38  4.90  4.89
07/31: 4.49  4.47  4.46  4.41  4.40  4.31  4.10  3.94  3.89  3.96  4.14  4.37  4.89  4.89
08/01: 4.49  4.46  4.44  4.35  4.30  4.16  3.87  3.69  3.67  3.77  3.97  4.23  4.79  4.81

Our Database:
07/30: 5.23  5.26  5.28  5.33  5.13  4.83  4.63  4.43  4.38  4.33  4.53  4.48
07/31: 4.49  4.46  4.41  4.31  4.10  3.94  3.89  3.96  4.14  4.37  4.89  4.89
08/01: 4.49  4.44  4.35  4.16  3.87  3.69  3.67  3.77  3.97  4.23  4.79  4.81
